2 1 
30 1 
1 2 
3 2 
7 2 
9 2 
10 2 
13 2 
36 2 
40 2 
2 3 
6 4 
6 5 
4 6 
5 6 
7 6 
8 6 
21 6 
41 6 
2 7 
6 7 
8 7 
9 7 
6 8 
7 8 
21 8 
2 9 
7 9 
10 9 
15 9 
2 10 
9 10 
11 10 
12 10 
13 10 
14 10 
30 10 
10 11 
12 11 
30 11 
32 11 
33 11 
10 12 
11 12 
14 12 
30 12 
31 12 
35 12 
36 12 
2 13 
10 13 
14 13 
10 14 
12 14 
13 14 
15 14 
17 14 
31 14 
35 14 
36 14 
9 15 
14 15 
16 15 
15 16 
21 16 
22 16 
23 16 
14 17 
59 17 
36 20 
6 21 
8 21 
16 21 
41 21 
42 21 
16 22 
23 22 
24 22 
42 22 
16 23 
22 23 
24 23 
22 24 
23 24 
26 24 
43 25 
24 26 
28 27 
40 27 
79 27 
27 28 
40 28 
33 29 
188 29 
528 29 
531 29 
1 30 
10 30 
11 30 
12 30 
32 30 
33 30 
37 30 
12 31 
14 31 
32 31 
35 31 
36 31 
11 32 
30 32 
31 32 
33 32 
34 32 
35 32 
36 32 
11 33 
29 33 
30 33 
32 33 
34 33 
35 33 
37 33 
40 33 
188 33 
189 33 
528 33 
531 33 
535 33 
687 33 
32 34 
33 34 
35 34 
37 34 
38 34 
39 34 
188 34 
189 34 
531 34 
535 34 
12 35 
14 35 
31 35 
32 35 
33 35 
34 35 
36 35 
37 35 
2 36 
12 36 
14 36 
20 36 
31 36 
32 36 
35 36 
30 37 
33 37 
34 37 
35 37 
38 37 
39 37 
78 37 
189 37 
190 37 
191 37 
34 38 
37 38 
39 38 
190 38 
191 38 
34 39 
37 39 
38 39 
40 39 
78 39 
2 40 
27 40 
28 40 
33 40 
39 40 
6 41 
21 41 
42 41 
46 41 
21 42 
22 42 
41 42 
43 42 
44 42 
46 42 
25 43 
42 43 
44 43 
55 43 
42 44 
43 44 
55 44 
64 44 
70 44 
71 44 
77 44 
70 45 
41 46 
42 46 
47 46 
46 47 
51 48 
50 49 
49 50 
54 50 
109 50 
48 51 
52 51 
144 51 
51 52 
123 52 
144 52 
54 53 
58 53 
118 53 
119 53 
122 53 
50 54 
53 54 
56 54 
57 54 
109 54 
114 54 
43 55 
44 55 
70 55 
71 55 
54 56 
57 56 
71 56 
76 56 
54 57 
56 57 
58 57 
129 57 
130 57 
53 58 
57 58 
17 59 
61 60 
63 60 
60 61 
62 61 
80 61 
90 61 
61 62 
80 62 
60 63 
65 63 
80 63 
44 64 
63 65 
69 65 
70 65 
67 66 
68 66 
90 66 
66 67 
91 67 
66 68 
69 68 
72 68 
65 69 
68 69 
70 69 
72 69 
44 70 
45 70 
55 70 
65 70 
69 70 
71 70 
77 70 
44 71 
55 71 
56 71 
70 71 
72 71 
73 71 
76 71 
77 71 
68 72 
69 72 
71 72 
73 72 
71 73 
72 73 
75 73 
131 73 
132 74 
73 75 
76 75 
77 75 
130 75 
56 76 
71 76 
75 76 
77 76 
44 77 
70 77 
71 77 
75 77 
76 77 
37 78 
39 78 
79 78 
83 78 
84 78 
190 78 
27 79 
78 79 
61 80 
62 80 
63 80 
90 80 
83 82 
87 82 
78 83 
82 83 
84 83 
86 83 
87 83 
78 84 
83 84 
86 85 
96 85 
97 85 
191 85 
83 86 
85 86 
87 86 
95 86 
96 86 
82 87 
83 87 
86 87 
88 87 
95 87 
87 88 
89 88 
93 88 
95 88 
88 89 
90 89 
92 89 
93 89 
61 90 
66 90 
80 90 
89 90 
93 90 
67 91 
93 91 
89 92 
93 92 
94 92 
102 92 
88 93 
89 93 
90 93 
91 93 
92 93 
92 94 
100 94 
86 95 
87 95 
88 95 
96 95 
97 95 
100 95 
85 96 
86 96 
95 96 
97 96 
99 96 
85 97 
95 97 
96 97 
99 97 
100 97 
106 97 
194 97 
99 98 
108 98 
116 98 
96 99 
97 99 
98 99 
103 99 
106 99 
94 100 
95 100 
97 100 
101 100 
100 101 
102 101 
105 101 
92 102 
101 102 
99 103 
104 103 
111 103 
132 103 
103 104 
110 104 
132 104 
101 105 
109 105 
110 105 
97 106 
99 106 
107 106 
109 106 
106 107 
108 107 
109 107 
614 107 
98 108 
107 108 
111 108 
115 108 
116 108 
195 108 
50 109 
54 109 
105 109 
106 109 
107 109 
110 109 
114 109 
104 110 
105 110 
109 110 
132 110 
103 111 
108 111 
115 111 
132 111 
119 112 
120 112 
133 112 
139 112 
119 113 
132 113 
133 113 
54 114 
109 114 
118 114 
609 114 
613 114 
614 114 
108 115 
111 115 
116 115 
117 115 
118 115 
196 115 
98 116 
108 116 
115 116 
117 116 
125 116 
140 116 
166 116 
195 116 
196 116 
197 116 
115 117 
116 117 
118 117 
124 117 
622 117 
53 118 
114 118 
115 118 
117 118 
613 118 
618 118 
53 119 
112 119 
113 119 
120 119 
122 119 
613 119 
619 119 
112 120 
119 120 
121 120 
133 120 
140 120 
120 121 
125 121 
126 121 
140 121 
53 122 
119 122 
140 122 
52 123 
140 123 
117 124 
125 124 
127 124 
186 124 
187 124 
623 124 
685 124 
116 125 
121 125 
124 125 
186 125 
187 125 
195 125 
196 125 
197 125 
622 125 
685 125 
121 126 
127 126 
140 126 
167 126 
124 127 
126 127 
168 127 
129 128 
130 128 
136 128 
57 129 
128 129 
136 129 
57 130 
75 130 
128 130 
136 130 
73 131 
74 132 
103 132 
104 132 
110 132 
111 132 
113 132 
112 133 
113 133 
120 133 
134 133 
136 133 
138 133 
133 134 
135 134 
137 134 
138 134 
139 134 
134 135 
137 135 
138 135 
128 136 
129 136 
130 136 
133 136 
137 136 
151 136 
152 136 
134 137 
135 137 
136 137 
138 137 
139 137 
151 137 
152 137 
157 137 
158 137 
133 138 
134 138 
135 138 
137 138 
139 138 
165 138 
169 138 
292 138 
293 138 
112 139 
134 139 
137 139 
138 139 
140 139 
158 139 
165 139 
166 139 
116 140 
120 140 
121 140 
122 140 
123 140 
126 140 
139 140 
166 140 
167 140 
142 141 
144 141 
141 142 
144 142 
211 142 
213 142 
144 143 
211 143 
51 144 
52 144 
141 144 
142 144 
143 144 
211 144 
252 144 
146 145 
145 146 
148 146 
148 147 
153 147 
217 147 
218 147 
146 148 
147 148 
152 148 
153 148 
154 148 
150 149 
151 149 
149 150 
152 150 
157 150 
136 151 
137 151 
149 151 
136 152 
137 152 
148 152 
150 152 
157 152 
147 153 
148 153 
154 153 
156 153 
157 153 
212 153 
217 153 
218 153 
219 153 
148 154 
153 154 
155 154 
156 154 
157 154 
161 154 
217 154 
218 154 
219 154 
223 154 
154 155 
156 155 
159 155 
160 155 
161 155 
218 155 
222 155 
224 155 
153 156 
154 156 
155 156 
157 156 
159 156 
137 157 
150 157 
152 157 
153 157 
154 157 
156 157 
222 157 
137 158 
139 158 
159 158 
165 158 
218 158 
219 158 
222 158 
155 159 
156 159 
158 159 
160 159 
155 160 
159 160 
161 160 
163 160 
164 160 
165 160 
166 160 
154 161 
155 161 
160 161 
163 161 
166 161 
169 161 
222 161 
223 161 
163 162 
169 162 
170 162 
223 162 
224 162 
231 162 
234 162 
160 163 
161 163 
162 163 
164 163 
166 163 
169 163 
160 164 
163 164 
165 164 
138 165 
139 165 
158 165 
160 165 
164 165 
166 165 
116 166 
139 166 
140 166 
160 166 
161 166 
163 166 
165 166 
167 166 
169 166 
126 167 
140 167 
166 167 
168 167 
127 168 
167 168 
138 169 
161 169 
162 169 
163 169 
166 169 
170 169 
230 169 
162 170 
169 170 
171 170 
173 170 
170 171 
172 171 
173 171 
234 171 
171 172 
173 172 
176 172 
238 172 
170 173 
171 173 
172 173 
176 175 
180 175 
172 176 
175 176 
179 176 
238 176 
178 177 
187 177 
177 178 
179 178 
180 178 
186 178 
176 179 
178 179 
180 179 
181 179 
182 179 
240 179 
175 180 
178 180 
179 180 
181 180 
182 180 
184 180 
179 181 
180 181 
182 181 
239 181 
240 181 
313 181 
179 182 
180 182 
181 182 
183 182 
184 182 
202 182 
263 182 
313 182 
316 182 
182 183 
184 183 
202 183 
316 183 
317 183 
180 184 
182 184 
183 184 
185 184 
186 184 
184 185 
186 185 
124 186 
125 186 
178 186 
184 186 
185 186 
187 186 
197 186 
199 186 
686 186 
124 187 
125 187 
177 187 
186 187 
685 187 
686 187 
29 188 
33 188 
34 188 
189 188 
531 188 
532 188 
535 188 
564 188 
687 188 
33 189 
34 189 
37 189 
188 189 
190 189 
535 189 
687 189 
37 190 
38 190 
78 190 
189 190 
191 190 
193 190 
37 191 
38 191 
85 191 
190 191 
193 191 
690 191 
193 192 
190 193 
191 193 
192 193 
97 194 
692 194 
693 194 
108 195 
116 195 
125 195 
196 195 
208 195 
694 195 
115 196 
116 196 
125 196 
195 196 
197 196 
198 196 
199 196 
200 196 
201 196 
697 196 
116 197 
125 197 
186 197 
196 197 
198 197 
196 198 
197 198 
199 198 
200 198 
186 199 
196 199 
198 199 
201 199 
196 200 
198 200 
201 200 
202 200 
204 200 
205 200 
206 200 
207 200 
322 200 
698 200 
699 200 
701 200 
703 200 
898 200 
907 200 
908 200 
196 201 
199 201 
200 201 
202 201 
203 201 
204 201 
701 201 
182 202 
183 202 
200 202 
201 202 
317 202 
201 203 
205 203 
206 203 
317 203 
319 203 
320 203 
200 204 
201 204 
205 204 
206 204 
703 204 
200 205 
203 205 
204 205 
206 205 
207 205 
702 205 
703 205 
907 205 
908 205 
911 205 
200 206 
203 206 
204 206 
205 206 
207 206 
208 206 
319 206 
320 206 
321 206 
703 206 
705 206 
706 206 
907 206 
911 206 
913 206 
200 207 
205 207 
206 207 
208 207 
209 207 
321 207 
322 207 
705 207 
706 207 
911 207 
913 207 
195 208 
206 208 
207 208 
706 208 
911 208 
913 208 
207 209 
346 209 
383 209 
384 209 
386 210 
412 210 
142 211 
143 211 
144 211 
212 211 
213 211 
215 211 
217 211 
153 212 
211 212 
215 212 
142 213 
211 213 
214 213 
213 214 
215 214 
241 214 
242 214 
246 214 
248 214 
474 214 
211 215 
212 215 
214 215 
244 215 
245 215 
246 215 
247 215 
219 216 
147 217 
153 217 
154 217 
211 217 
218 217 
219 217 
221 217 
147 218 
153 218 
154 218 
155 218 
158 218 
217 218 
219 218 
223 218 
153 219 
154 219 
158 219 
216 219 
217 219 
218 219 
220 219 
221 219 
222 219 
219 220 
221 220 
222 220 
246 220 
253 220 
217 221 
219 221 
220 221 
222 221 
228 221 
246 221 
253 221 
155 222 
157 222 
158 222 
161 222 
219 222 
220 222 
221 222 
223 222 
246 222 
253 222 
154 223 
161 223 
162 223 
218 223 
222 223 
155 224 
162 224 
225 224 
229 224 
224 225 
226 225 
227 225 
228 225 
229 225 
253 225 
259 225 
225 226 
227 226 
228 226 
231 226 
225 227 
226 227 
228 227 
230 227 
231 227 
259 227 
260 227 
266 227 
221 228 
225 228 
226 228 
227 228 
229 228 
231 228 
259 228 
224 229 
225 229 
228 229 
230 229 
231 229 
169 230 
227 230 
229 230 
231 230 
162 231 
226 231 
227 231 
228 231 
229 231 
230 231 
259 231 
260 231 
233 232 
232 233 
234 233 
235 233 
162 234 
171 234 
233 234 
233 235 
237 236 
239 236 
262 236 
236 237 
172 238 
176 238 
181 239 
236 239 
261 239 
262 239 
263 239 
264 239 
265 239 
313 239 
179 240 
181 240 
313 240 
214 241 
243 241 
244 241 
214 242 
243 242 
244 242 
469 242 
241 243 
242 243 
244 243 
249 243 
469 243 
215 244 
241 244 
242 244 
243 244 
245 244 
248 244 
252 244 
215 245 
244 245 
246 245 
247 245 
248 245 
252 245 
253 245 
214 246 
215 246 
220 246 
221 246 
222 246 
245 246 
247 246 
248 246 
253 246 
215 247 
245 247 
246 247 
248 247 
214 248 
244 248 
245 248 
246 248 
247 248 
249 248 
252 248 
253 248 
243 249 
248 249 
250 249 
251 249 
249 250 
256 250 
466 250 
468 250 
249 251 
256 251 
307 251 
462 251 
144 252 
244 252 
245 252 
248 252 
253 252 
255 252 
220 253 
221 253 
222 253 
225 253 
245 253 
246 253 
248 253 
252 253 
254 253 
259 253 
253 254 
255 254 
257 254 
259 254 
252 255 
254 255 
256 255 
257 255 
258 255 
250 256 
251 256 
255 256 
257 256 
308 256 
466 256 
254 257 
255 257 
256 257 
258 257 
307 257 
255 258 
257 258 
266 258 
267 258 
288 258 
225 259 
227 259 
228 259 
231 259 
253 259 
254 259 
260 259 
266 259 
227 260 
231 260 
259 260 
266 260 
239 261 
264 261 
265 261 
266 261 
236 262 
239 262 
264 262 
182 263 
239 263 
264 263 
270 263 
313 263 
314 263 
316 263 
239 264 
261 264 
262 264 
263 264 
239 265 
261 265 
266 265 
227 266 
258 266 
259 266 
260 266 
261 266 
265 266 
267 266 
272 266 
287 266 
288 266 
258 267 
266 267 
268 267 
272 267 
288 267 
267 268 
269 268 
272 268 
288 268 
268 269 
263 270 
274 270 
312 270 
273 271 
274 271 
266 272 
267 272 
268 272 
273 272 
288 272 
271 273 
272 273 
274 273 
275 273 
276 273 
277 273 
291 273 
270 274 
271 274 
273 274 
275 274 
276 274 
312 274 
273 275 
274 275 
276 275 
280 275 
312 275 
326 275 
273 276 
274 276 
275 276 
277 276 
298 276 
300 276 
273 277 
276 277 
291 277 
293 277 
294 277 
279 278 
280 278 
282 278 
294 278 
278 279 
280 279 
275 280 
278 280 
279 280 
326 280 
327 280 
335 280 
282 281 
284 281 
285 281 
286 281 
298 281 
299 281 
327 281 
357 281 
369 281 
278 282 
281 282 
283 282 
284 282 
285 282 
298 282 
299 282 
282 283 
284 283 
294 283 
296 283 
297 283 
300 283 
281 284 
282 284 
283 284 
285 284 
297 284 
298 284 
299 284 
300 284 
281 285 
282 285 
284 285 
286 285 
298 285 
369 285 
281 286 
285 286 
298 286 
357 286 
266 287 
289 287 
306 287 
258 288 
266 288 
267 288 
268 288 
272 288 
291 288 
287 289 
290 289 
306 289 
289 290 
292 290 
306 290 
273 291 
277 291 
288 291 
292 291 
293 291 
294 291 
138 292 
290 292 
291 292 
293 292 
295 292 
296 292 
305 292 
306 292 
309 292 
138 293 
277 293 
291 293 
292 293 
294 293 
296 293 
277 294 
278 294 
283 294 
291 294 
293 294 
296 294 
292 295 
296 295 
301 295 
305 295 
283 296 
292 296 
293 296 
294 296 
295 296 
297 296 
298 296 
300 296 
301 296 
305 296 
283 297 
284 297 
296 297 
298 297 
300 297 
276 298 
281 298 
282 298 
284 298 
285 298 
286 298 
296 298 
297 298 
300 298 
281 299 
282 299 
284 299 
300 299 
302 299 
364 299 
366 299 
370 299 
276 300 
283 300 
284 300 
296 300 
297 300 
298 300 
299 300 
302 300 
295 301 
296 301 
302 301 
303 301 
305 301 
299 302 
300 302 
301 302 
303 302 
304 302 
369 302 
370 302 
301 303 
302 303 
305 303 
311 303 
370 303 
371 303 
442 303 
302 304 
305 304 
309 304 
310 304 
292 305 
295 305 
296 305 
301 305 
303 305 
304 305 
307 305 
309 305 
310 305 
287 306 
289 306 
290 306 
292 306 
309 306 
426 306 
251 307 
257 307 
305 307 
308 307 
444 307 
466 307 
256 308 
307 308 
310 308 
442 308 
444 308 
461 308 
462 308 
463 308 
466 308 
292 309 
304 309 
305 309 
306 309 
310 309 
442 309 
304 310 
305 310 
308 310 
309 310 
311 310 
442 310 
303 311 
310 311 
371 311 
373 311 
442 311 
444 311 
270 312 
274 312 
275 312 
315 312 
325 312 
813 312 
181 313 
182 313 
239 313 
240 313 
263 313 
314 313 
316 313 
812 313 
263 314 
313 314 
315 314 
316 314 
312 315 
314 315 
317 315 
318 315 
325 315 
182 316 
183 316 
263 316 
313 316 
314 316 
317 316 
183 317 
202 317 
203 317 
315 317 
316 317 
318 317 
315 318 
317 318 
319 318 
320 318 
323 318 
325 318 
330 318 
203 319 
206 319 
318 319 
320 319 
322 319 
323 319 
203 320 
206 320 
318 320 
319 320 
321 320 
322 320 
323 320 
325 320 
330 320 
334 320 
206 321 
207 321 
320 321 
322 321 
330 321 
333 321 
334 321 
344 321 
706 321 
819 321 
823 321 
831 321 
912 321 
200 322 
207 322 
319 322 
320 322 
321 322 
324 322 
330 322 
333 322 
334 322 
820 322 
318 323 
319 323 
320 323 
324 323 
325 323 
326 323 
329 323 
330 323 
334 323 
322 324 
323 324 
325 324 
326 324 
329 324 
330 324 
821 324 
822 324 
312 325 
315 325 
318 325 
320 325 
323 325 
324 325 
326 325 
275 326 
280 326 
323 326 
324 326 
325 326 
328 326 
329 326 
280 327 
281 327 
328 327 
329 327 
335 327 
326 328 
327 328 
329 328 
330 328 
332 328 
323 329 
324 329 
326 329 
327 329 
328 329 
330 329 
331 329 
332 329 
318 330 
320 330 
321 330 
322 330 
323 330 
324 330 
328 330 
329 330 
331 330 
332 330 
333 330 
334 330 
823 330 
824 330 
831 330 
329 331 
330 331 
332 331 
346 331 
347 331 
348 331 
328 332 
329 332 
330 332 
331 332 
336 332 
341 332 
342 332 
347 332 
321 333 
322 333 
330 333 
334 333 
345 333 
347 333 
383 333 
384 333 
387 333 
320 334 
321 334 
322 334 
323 334 
330 334 
333 334 
819 334 
831 334 
280 335 
327 335 
336 335 
340 335 
341 335 
342 335 
332 336 
335 336 
340 336 
341 336 
342 336 
339 337 
350 337 
350 338 
337 339 
340 339 
349 339 
350 339 
375 339 
852 339 
335 340 
336 340 
339 340 
341 340 
342 340 
332 341 
335 341 
336 341 
340 341 
342 341 
348 341 
349 341 
332 342 
335 342 
336 342 
340 342 
341 342 
346 342 
347 342 
350 343 
375 343 
377 343 
378 343 
321 344 
384 344 
387 344 
831 344 
848 344 
876 344 
333 345 
346 345 
348 345 
378 345 
384 345 
848 345 
852 345 
876 345 
209 346 
331 346 
342 346 
345 346 
347 346 
331 347 
332 347 
333 347 
342 347 
346 347 
331 348 
341 348 
345 348 
349 348 
384 348 
824 348 
840 348 
339 349 
341 349 
348 349 
378 349 
840 349 
852 349 
337 350 
338 350 
339 350 
343 350 
357 350 
375 350 
378 350 
356 351 
351 356 
357 356 
281 357 
286 357 
350 357 
356 357 
358 357 
368 357 
357 358 
365 359 
366 359 
367 359 
368 359 
369 359 
299 364 
371 364 
372 364 
373 364 
393 364 
425 364 
426 364 
359 365 
299 366 
359 366 
367 366 
368 366 
369 366 
370 366 
371 366 
372 366 
359 367 
366 367 
368 367 
369 367 
370 367 
357 368 
359 368 
366 368 
367 368 
369 368 
281 369 
285 369 
302 369 
359 369 
366 369 
367 369 
368 369 
370 369 
299 370 
302 370 
303 370 
366 370 
367 370 
369 370 
371 370 
372 370 
393 370 
303 371 
311 371 
364 371 
366 371 
370 371 
372 371 
442 371 
364 372 
366 372 
370 372 
371 372 
373 372 
425 372 
426 372 
311 373 
364 373 
372 373 
399 373 
426 373 
442 373 
339 375 
343 375 
350 375 
854 375 
343 377 
343 378 
345 378 
349 378 
350 378 
379 378 
382 378 
383 378 
840 378 
852 378 
378 379 
382 379 
390 380 
389 381 
396 381 
402 381 
378 382 
379 382 
396 382 
209 383 
333 383 
378 383 
384 383 
385 383 
387 383 
388 383 
209 384 
333 384 
344 384 
345 384 
348 384 
383 384 
387 384 
388 384 
848 384 
852 384 
853 384 
876 384 
383 385 
210 386 
333 387 
344 387 
383 387 
384 387 
383 388 
384 388 
381 389 
396 389 
380 390 
395 390 
364 393 
370 393 
399 394 
425 394 
390 395 
381 396 
382 396 
389 396 
402 396 
373 399 
394 399 
400 399 
425 399 
428 399 
399 400 
404 401 
413 401 
381 402 
396 402 
404 403 
406 403 
407 403 
401 404 
403 404 
405 404 
406 404 
404 405 
403 406 
404 406 
407 406 
403 407 
406 407 
210 412 
401 413 
481 416 
364 425 
372 425 
394 425 
399 425 
426 425 
427 425 
443 425 
306 426 
364 426 
372 426 
373 426 
425 426 
427 426 
431 426 
443 426 
425 427 
426 427 
428 427 
399 428 
427 428 
433 428 
447 428 
430 429 
443 429 
429 430 
431 430 
432 430 
447 430 
426 431 
430 431 
432 431 
433 431 
434 431 
435 431 
447 431 
448 431 
449 431 
430 432 
431 432 
433 432 
434 432 
447 432 
448 432 
449 432 
450 432 
428 433 
431 433 
432 433 
435 433 
448 433 
449 433 
431 434 
432 434 
431 435 
433 435 
303 442 
308 442 
309 442 
310 442 
311 442 
371 442 
373 442 
444 442 
425 443 
426 443 
429 443 
444 443 
461 443 
307 444 
308 444 
311 444 
442 444 
443 444 
461 444 
450 445 
461 445 
464 445 
464 446 
471 446 
473 446 
428 447 
430 447 
431 447 
432 447 
448 447 
449 447 
450 447 
431 448 
432 448 
433 448 
447 448 
449 448 
450 448 
431 449 
432 449 
433 449 
447 449 
448 449 
450 449 
453 449 
432 450 
445 450 
447 450 
448 450 
449 450 
451 450 
453 450 
464 450 
450 451 
464 451 
478 451 
454 452 
457 452 
478 452 
479 452 
449 453 
450 453 
454 453 
456 453 
477 453 
452 454 
453 454 
456 454 
456 455 
457 455 
453 456 
454 456 
455 456 
457 456 
488 456 
452 457 
455 457 
456 457 
484 457 
485 457 
308 461 
443 461 
444 461 
445 461 
463 461 
466 461 
251 462 
308 462 
463 462 
466 462 
467 462 
308 463 
461 463 
462 463 
464 463 
465 463 
466 463 
467 463 
470 463 
471 463 
445 464 
446 464 
450 464 
451 464 
463 464 
465 464 
478 464 
463 465 
464 465 
470 465 
472 465 
473 465 
478 465 
250 466 
256 466 
307 466 
308 466 
461 466 
462 466 
463 466 
467 466 
468 466 
462 467 
463 467 
466 467 
468 467 
470 467 
471 467 
250 468 
466 468 
467 468 
469 468 
470 468 
475 468 
242 469 
243 469 
468 469 
463 470 
465 470 
467 470 
468 470 
471 470 
472 470 
473 470 
475 470 
446 471 
463 471 
467 471 
470 471 
475 471 
465 472 
470 472 
473 472 
474 472 
446 473 
465 473 
470 473 
472 473 
477 473 
478 473 
214 474 
472 474 
475 474 
476 474 
468 475 
470 475 
471 475 
474 475 
476 475 
495 475 
496 475 
497 475 
474 476 
475 476 
477 476 
495 476 
496 476 
453 477 
473 477 
476 477 
479 477 
483 477 
495 477 
451 478 
452 478 
464 478 
465 478 
473 478 
479 478 
452 479 
477 479 
478 479 
480 479 
484 479 
487 479 
495 479 
496 479 
479 480 
484 480 
498 480 
416 481 
482 481 
481 482 
488 482 
477 483 
484 483 
486 483 
457 484 
479 484 
480 484 
483 484 
486 484 
487 484 
488 484 
489 484 
457 485 
486 485 
489 485 
483 486 
484 486 
485 486 
489 486 
479 487 
484 487 
488 487 
489 487 
456 488 
482 488 
484 488 
487 488 
489 488 
492 488 
484 489 
485 489 
486 489 
487 489 
488 489 
491 489 
492 489 
491 490 
493 490 
494 490 
489 491 
490 491 
492 491 
493 491 
488 492 
489 492 
491 492 
493 492 
490 493 
491 493 
492 493 
494 493 
490 494 
493 494 
475 495 
476 495 
477 495 
479 495 
496 495 
475 496 
476 496 
479 496 
495 496 
497 496 
475 497 
496 497 
498 497 
480 498 
497 498 
547 501 
510 502 
511 502 
512 502 
520 502 
540 502 
541 502 
512 503 
510 504 
510 505 
508 506 
508 507 
513 507 
515 507 
517 507 
518 507 
529 507 
506 508 
507 508 
513 508 
517 508 
528 508 
529 508 
530 508 
533 508 
510 509 
502 510 
504 510 
505 510 
509 510 
511 510 
519 510 
502 511 
510 511 
512 511 
520 511 
502 512 
503 512 
511 512 
519 512 
507 513 
508 513 
514 513 
517 513 
530 513 
533 513 
534 513 
513 514 
517 514 
518 514 
533 514 
534 514 
507 515 
519 515 
507 517 
508 517 
513 517 
514 517 
518 517 
519 517 
533 517 
534 517 
507 518 
514 518 
517 518 
519 518 
534 518 
510 519 
512 519 
515 519 
517 519 
518 519 
502 520 
511 520 
521 520 
541 520 
520 521 
541 521 
560 523 
560 525 
527 526 
534 526 
526 527 
558 527 
29 528 
33 528 
508 528 
530 528 
531 528 
507 529 
508 529 
530 529 
688 529 
508 530 
513 530 
528 530 
529 530 
531 530 
533 530 
535 530 
29 531 
33 531 
34 531 
188 531 
528 531 
530 531 
532 531 
535 531 
564 531 
687 531 
688 531 
188 532 
531 532 
535 532 
536 532 
537 532 
687 532 
688 532 
689 532 
508 533 
513 533 
514 533 
517 533 
530 533 
534 533 
535 533 
513 534 
514 534 
517 534 
518 534 
526 534 
533 534 
33 535 
34 535 
188 535 
189 535 
530 535 
531 535 
532 535 
533 535 
536 535 
539 535 
687 535 
688 535 
532 536 
535 536 
539 536 
688 536 
532 537 
535 539 
536 539 
582 539 
502 540 
541 540 
544 540 
547 540 
502 541 
520 541 
521 541 
540 541 
542 541 
544 541 
541 542 
543 542 
544 542 
555 542 
567 542 
575 542 
542 543 
545 543 
554 543 
574 543 
575 543 
540 544 
541 544 
542 544 
545 544 
543 545 
544 545 
548 545 
553 545 
554 545 
574 545 
575 545 
501 547 
540 547 
545 548 
550 548 
553 548 
554 548 
550 549 
548 550 
549 550 
551 550 
550 551 
552 551 
614 551 
551 552 
614 552 
619 552 
620 552 
641 552 
545 553 
548 553 
554 553 
555 553 
557 553 
614 553 
618 553 
543 554 
545 554 
548 554 
553 554 
542 555 
553 555 
556 555 
574 555 
555 556 
576 556 
631 556 
968 556 
553 557 
639 557 
645 557 
527 558 
559 558 
561 558 
562 558 
558 559 
523 560 
525 560 
561 560 
558 561 
560 561 
558 562 
586 563 
592 563 
188 564 
531 564 
568 564 
567 565 
542 567 
565 567 
564 568 
573 568 
570 569 
573 569 
569 570 
571 570 
593 570 
570 571 
595 571 
573 572 
578 572 
579 572 
568 573 
569 573 
572 573 
543 574 
545 574 
555 574 
575 574 
576 574 
542 575 
543 575 
545 575 
574 575 
576 575 
577 575 
556 576 
574 576 
575 576 
577 576 
575 577 
576 577 
578 577 
630 577 
572 578 
577 578 
630 578 
572 579 
626 579 
627 579 
581 580 
582 580 
583 580 
585 580 
580 581 
585 581 
587 581 
539 582 
580 582 
583 582 
584 582 
587 582 
580 583 
582 583 
584 583 
689 583 
690 583 
582 584 
583 584 
587 584 
590 584 
591 584 
580 585 
581 585 
587 585 
563 586 
591 586 
592 586 
581 587 
582 587 
584 587 
585 587 
591 587 
590 588 
590 589 
598 589 
691 589 
584 590 
588 590 
589 590 
596 590 
597 590 
598 590 
584 591 
586 591 
587 591 
592 591 
596 591 
563 592 
586 592 
591 592 
593 592 
596 592 
570 593 
592 593 
594 593 
595 593 
593 594 
605 594 
571 595 
593 595 
604 595 
590 596 
591 596 
592 596 
597 596 
590 597 
596 597 
603 597 
589 598 
590 598 
599 598 
601 598 
602 598 
598 599 
601 599 
601 600 
610 600 
693 600 
694 600 
598 601 
599 601 
600 601 
606 601 
609 601 
610 601 
598 602 
603 602 
608 602 
597 603 
602 603 
608 603 
595 604 
605 604 
607 604 
594 605 
604 605 
606 605 
601 606 
605 606 
626 606 
604 607 
602 608 
603 608 
609 608 
614 608 
615 608 
114 609 
601 609 
608 609 
610 609 
611 609 
613 609 
614 609 
600 610 
601 610 
609 610 
611 610 
612 610 
613 610 
624 610 
609 611 
610 611 
612 611 
624 611 
695 611 
610 612 
611 612 
613 612 
622 612 
623 612 
624 612 
114 613 
118 613 
119 613 
609 613 
610 613 
612 613 
614 613 
622 613 
107 614 
114 614 
551 614 
552 614 
553 614 
608 614 
609 614 
613 614 
608 615 
616 615 
618 615 
626 615 
615 616 
618 616 
626 616 
629 616 
634 616 
637 616 
620 617 
621 617 
638 617 
668 617 
118 618 
553 618 
615 618 
616 618 
620 618 
668 618 
119 619 
552 619 
622 619 
552 620 
617 620 
618 620 
621 620 
638 620 
641 620 
644 620 
617 621 
620 621 
625 621 
660 621 
668 621 
117 622 
125 622 
612 622 
613 622 
619 622 
124 623 
612 623 
624 623 
685 623 
610 624 
611 624 
612 624 
623 624 
660 624 
668 624 
685 624 
686 624 
695 624 
696 624 
697 624 
621 625 
668 625 
579 626 
606 626 
615 626 
616 626 
627 626 
629 626 
579 627 
626 627 
630 627 
632 627 
629 628 
632 628 
633 628 
635 628 
636 628 
616 629 
626 629 
628 629 
634 629 
637 629 
577 630 
578 630 
627 630 
632 630 
646 630 
556 631 
645 631 
627 632 
628 632 
630 632 
633 632 
646 632 
628 633 
632 633 
636 633 
646 633 
651 633 
616 634 
629 634 
637 634 
638 634 
628 635 
636 635 
637 635 
638 635 
652 635 
662 635 
628 636 
633 636 
635 636 
646 636 
616 637 
629 637 
634 637 
635 637 
638 637 
652 637 
659 637 
661 637 
617 638 
620 638 
634 638 
635 638 
637 638 
658 638 
661 638 
557 639 
640 639 
710 639 
639 640 
641 640 
552 641 
620 641 
640 641 
751 641 
753 641 
710 642 
711 642 
714 642 
981 642 
644 643 
645 643 
647 643 
715 643 
716 643 
717 643 
718 643 
719 643 
722 643 
725 643 
620 644 
643 644 
645 644 
646 644 
715 644 
557 645 
631 645 
643 645 
644 645 
646 645 
715 645 
630 646 
632 646 
633 646 
636 646 
644 646 
645 646 
651 646 
643 647 
648 647 
649 647 
650 647 
651 647 
654 647 
647 648 
649 648 
650 648 
716 648 
717 648 
718 648 
719 648 
647 649 
648 649 
654 649 
715 649 
717 649 
718 649 
719 649 
723 649 
647 650 
648 650 
651 650 
654 650 
716 650 
717 650 
633 651 
646 651 
647 651 
650 651 
652 651 
635 652 
637 652 
651 652 
654 652 
658 652 
659 652 
658 653 
659 653 
661 653 
647 654 
649 654 
650 654 
652 654 
655 654 
719 654 
723 654 
654 655 
656 655 
657 655 
661 655 
718 655 
719 655 
722 655 
723 655 
725 655 
655 656 
657 656 
662 656 
663 656 
664 656 
724 656 
726 656 
730 656 
655 657 
656 657 
658 657 
663 657 
723 657 
638 658 
652 658 
653 658 
657 658 
661 658 
662 658 
637 659 
652 659 
653 659 
660 659 
661 659 
662 659 
621 660 
624 660 
659 660 
661 660 
668 660 
637 661 
638 661 
653 661 
655 661 
658 661 
659 661 
660 661 
662 661 
667 661 
635 662 
656 662 
658 662 
659 662 
661 662 
663 662 
667 662 
656 663 
657 663 
662 663 
664 663 
667 663 
724 663 
726 663 
730 663 
656 664 
663 664 
666 664 
731 664 
670 665 
671 665 
672 665 
737 665 
664 666 
667 666 
736 666 
661 667 
662 667 
663 667 
666 667 
668 667 
617 668 
618 668 
621 668 
624 668 
625 668 
660 668 
667 668 
669 668 
671 668 
668 669 
665 670 
671 670 
672 670 
673 670 
737 670 
665 671 
668 671 
670 671 
672 671 
673 671 
674 671 
737 671 
665 672 
670 672 
671 672 
673 672 
737 672 
739 672 
670 673 
671 673 
672 673 
671 674 
676 675 
679 675 
675 676 
677 676 
679 676 
739 676 
676 677 
678 677 
681 677 
739 677 
740 677 
812 677 
677 678 
679 678 
680 678 
681 678 
683 678 
812 678 
816 678 
675 679 
676 679 
678 679 
682 679 
685 679 
739 679 
678 680 
681 680 
683 680 
812 680 
816 680 
677 681 
678 681 
680 681 
682 681 
683 681 
816 681 
679 682 
681 682 
683 682 
684 682 
685 682 
700 682 
815 682 
678 683 
680 683 
681 683 
682 683 
684 683 
685 683 
702 683 
682 684 
683 684 
685 684 
696 684 
700 684 
124 685 
125 685 
187 685 
623 685 
624 685 
679 685 
682 685 
683 685 
684 685 
686 685 
696 685 
697 685 
698 685 
700 685 
186 686 
187 686 
624 686 
685 686 
33 687 
188 687 
189 687 
531 687 
532 687 
535 687 
688 687 
689 687 
529 688 
531 688 
532 688 
535 688 
536 688 
687 688 
689 688 
532 689 
583 689 
687 689 
688 689 
690 689 
191 690 
583 690 
689 690 
691 690 
589 691 
690 691 
194 692 
819 692 
194 693 
600 693 
694 693 
695 693 
195 694 
600 694 
693 694 
611 695 
624 695 
693 695 
696 695 
697 695 
624 696 
684 696 
685 696 
695 696 
697 696 
700 696 
196 697 
624 697 
685 697 
695 697 
696 697 
698 697 
200 698 
685 698 
697 698 
699 698 
702 698 
704 698 
706 698 
896 698 
898 698 
200 699 
698 699 
700 699 
701 699 
702 699 
703 699 
704 699 
682 700 
684 700 
685 700 
696 700 
699 700 
702 700 
815 700 
200 701 
201 701 
699 701 
702 701 
898 701 
205 702 
683 702 
698 702 
699 702 
700 702 
701 702 
703 702 
704 702 
815 702 
817 702 
200 703 
204 703 
205 703 
206 703 
699 703 
702 703 
704 703 
705 703 
819 703 
903 703 
907 703 
911 703 
698 704 
699 704 
702 704 
703 704 
705 704 
815 704 
817 704 
818 704 
821 704 
907 704 
911 704 
206 705 
207 705 
703 705 
704 705 
706 705 
818 705 
907 705 
911 705 
913 705 
206 706 
207 706 
208 706 
321 706 
698 706 
705 706 
707 706 
819 706 
824 706 
911 706 
913 706 
706 707 
832 707 
833 707 
833 708 
889 708 
639 710 
642 710 
711 710 
642 711 
710 711 
712 711 
741 711 
711 712 
713 712 
714 712 
741 712 
742 712 
712 713 
714 713 
720 713 
746 713 
747 713 
976 713 
642 714 
712 714 
713 714 
747 714 
643 715 
644 715 
645 715 
649 715 
643 716 
648 716 
650 716 
718 716 
720 716 
643 717 
648 717 
649 717 
650 717 
718 717 
719 717 
720 717 
643 718 
648 718 
649 718 
655 718 
716 718 
717 718 
719 718 
643 719 
648 719 
649 719 
654 719 
655 719 
717 719 
718 719 
720 719 
721 719 
722 719 
723 719 
713 720 
716 720 
717 720 
719 720 
747 720 
753 720 
719 721 
722 721 
723 721 
753 721 
756 721 
643 722 
655 722 
719 722 
721 722 
723 722 
725 722 
649 723 
654 723 
655 723 
657 723 
719 723 
721 723 
722 723 
724 723 
725 723 
656 724 
663 724 
723 724 
726 724 
728 724 
730 724 
643 725 
655 725 
722 725 
723 725 
726 725 
727 725 
728 725 
656 726 
663 726 
724 726 
725 726 
730 726 
725 727 
728 727 
730 727 
724 728 
725 728 
727 728 
731 728 
755 728 
756 728 
730 729 
731 729 
732 729 
734 729 
754 729 
755 729 
756 729 
757 729 
656 730 
663 730 
724 730 
726 730 
727 730 
729 730 
733 730 
756 730 
664 731 
728 731 
729 731 
754 731 
729 732 
733 732 
736 732 
730 733 
732 733 
734 733 
735 733 
736 733 
729 734 
733 734 
736 734 
757 734 
758 734 
733 735 
738 735 
757 735 
758 735 
759 735 
666 736 
732 736 
733 736 
734 736 
665 737 
670 737 
671 737 
672 737 
738 737 
735 738 
737 738 
672 739 
676 739 
677 739 
679 739 
740 739 
677 740 
739 740 
760 740 
761 740 
812 740 
711 741 
712 741 
742 741 
745 741 
712 742 
741 742 
745 742 
1000 742 
746 743 
975 743 
1000 743 
746 744 
748 744 
749 744 
750 744 
970 744 
971 744 
741 745 
742 745 
746 745 
747 745 
713 746 
743 746 
744 746 
745 746 
747 746 
713 747 
714 747 
720 747 
745 747 
746 747 
748 747 
752 747 
744 748 
747 748 
749 748 
751 748 
752 748 
784 748 
786 748 
744 749 
748 749 
750 749 
751 749 
752 749 
784 749 
970 749 
744 750 
749 750 
751 750 
807 750 
808 750 
809 750 
951 750 
963 750 
964 750 
970 750 
971 750 
641 751 
748 751 
749 751 
750 751 
752 751 
784 751 
785 751 
786 751 
747 752 
748 752 
749 752 
751 752 
753 752 
756 752 
641 753 
720 753 
721 753 
752 753 
754 753 
729 754 
731 754 
753 754 
755 754 
756 754 
728 755 
729 755 
754 755 
756 755 
757 755 
763 755 
764 755 
721 756 
728 756 
729 756 
730 756 
752 756 
754 756 
755 756 
729 757 
734 757 
735 757 
755 757 
758 757 
763 757 
765 757 
734 758 
735 758 
757 758 
761 758 
766 758 
735 759 
760 759 
761 759 
812 759 
740 760 
759 760 
761 760 
767 760 
812 760 
814 760 
740 761 
758 761 
759 761 
760 761 
762 761 
767 761 
761 762 
766 762 
769 762 
770 762 
755 763 
757 763 
764 763 
765 763 
766 763 
788 763 
755 764 
763 764 
786 764 
787 764 
788 764 
757 765 
763 765 
766 765 
770 765 
787 765 
788 765 
790 765 
758 766 
762 766 
763 766 
765 766 
770 766 
787 766 
788 766 
760 767 
761 767 
768 767 
769 767 
813 767 
814 767 
767 768 
769 768 
778 768 
813 768 
814 768 
762 769 
767 769 
768 769 
770 769 
773 769 
762 770 
765 770 
766 770 
769 770 
771 770 
788 770 
791 770 
770 771 
772 771 
773 771 
775 771 
788 771 
771 772 
773 772 
774 772 
769 773 
771 773 
772 773 
774 773 
775 773 
778 773 
822 773 
772 774 
773 774 
778 774 
771 775 
773 775 
776 775 
775 776 
777 776 
778 776 
791 776 
793 776 
794 776 
795 776 
776 777 
779 777 
795 777 
768 778 
773 778 
774 778 
776 778 
825 778 
826 778 
777 779 
780 779 
783 779 
796 779 
797 779 
798 779 
779 780 
781 780 
782 780 
783 780 
795 780 
796 780 
798 780 
836 780 
780 781 
782 781 
795 781 
796 781 
797 781 
780 782 
781 782 
783 782 
796 782 
866 782 
779 783 
780 783 
782 783 
839 783 
841 783 
866 783 
748 784 
749 784 
751 784 
785 784 
786 784 
808 784 
809 784 
810 784 
751 785 
784 785 
786 785 
787 785 
788 785 
789 785 
807 785 
748 786 
751 786 
764 786 
784 786 
785 786 
764 787 
765 787 
766 787 
785 787 
788 787 
789 787 
763 788 
764 788 
765 788 
766 788 
770 788 
771 788 
785 788 
787 788 
789 788 
790 788 
785 789 
787 789 
788 789 
807 789 
808 789 
765 790 
788 790 
791 790 
792 790 
793 790 
807 790 
770 791 
776 791 
790 791 
793 791 
790 792 
793 792 
794 792 
805 792 
807 792 
776 793 
790 793 
791 793 
792 793 
794 793 
805 793 
776 794 
792 794 
793 794 
795 794 
799 794 
776 795 
777 795 
780 795 
781 795 
794 795 
797 795 
799 795 
779 796 
780 796 
781 796 
782 796 
797 796 
798 796 
867 796 
779 797 
781 797 
795 797 
796 797 
799 797 
779 798 
780 798 
796 798 
866 798 
867 798 
794 799 
795 799 
797 799 
800 799 
802 799 
804 799 
805 799 
927 799 
944 799 
945 799 
946 799 
799 800 
801 800 
871 800 
927 800 
945 800 
800 801 
802 801 
803 801 
804 801 
811 801 
871 801 
873 801 
924 801 
927 801 
943 801 
945 801 
799 802 
801 802 
803 802 
804 802 
811 802 
943 802 
945 802 
801 803 
802 803 
809 803 
811 803 
943 803 
799 804 
801 804 
802 804 
805 804 
810 804 
811 804 
792 805 
793 805 
799 805 
804 805 
806 805 
807 805 
810 805 
811 805 
944 805 
946 805 
805 806 
807 806 
750 807 
785 807 
789 807 
790 807 
792 807 
805 807 
806 807 
808 807 
810 807 
750 808 
784 808 
789 808 
807 808 
809 808 
810 808 
750 809 
784 809 
803 809 
808 809 
810 809 
944 809 
970 809 
971 809 
784 810 
804 810 
805 810 
807 810 
808 810 
809 810 
811 810 
944 810 
945 810 
801 811 
802 811 
803 811 
804 811 
805 811 
810 811 
943 811 
944 811 
945 811 
964 811 
313 812 
677 812 
678 812 
680 812 
740 812 
759 812 
760 812 
816 812 
312 813 
767 813 
768 813 
814 813 
816 813 
760 814 
767 814 
768 814 
813 814 
815 814 
821 814 
682 815 
700 815 
702 815 
704 815 
814 815 
816 815 
817 815 
818 815 
820 815 
821 815 
823 815 
678 816 
680 816 
681 816 
812 816 
813 816 
815 816 
702 817 
704 817 
815 817 
818 817 
704 818 
705 818 
815 818 
817 818 
820 818 
321 819 
334 819 
692 819 
703 819 
706 819 
830 819 
831 819 
832 819 
833 819 
322 820 
815 820 
818 820 
821 820 
823 820 
324 821 
704 821 
814 821 
815 821 
820 821 
822 821 
324 822 
773 822 
821 822 
823 822 
825 822 
321 823 
330 823 
815 823 
820 823 
822 823 
824 823 
831 823 
330 824 
348 824 
706 824 
823 824 
828 824 
830 824 
831 824 
837 824 
840 824 
852 824 
853 824 
778 825 
822 825 
826 825 
828 825 
778 826 
825 826 
827 826 
828 826 
836 826 
839 826 
840 826 
826 827 
828 827 
836 827 
839 827 
824 828 
825 828 
826 828 
827 828 
829 828 
830 828 
835 828 
836 828 
839 828 
828 829 
830 829 
834 829 
835 829 
839 829 
819 830 
824 830 
828 830 
829 830 
831 830 
833 830 
835 830 
321 831 
330 831 
334 831 
344 831 
819 831 
823 831 
824 831 
830 831 
832 831 
837 831 
852 831 
853 831 
883 831 
707 832 
819 832 
831 832 
833 832 
707 833 
708 833 
819 833 
830 833 
832 833 
829 834 
850 834 
828 835 
829 835 
830 835 
837 835 
839 835 
849 835 
850 835 
851 835 
780 836 
826 836 
827 836 
828 836 
838 836 
839 836 
841 836 
824 837 
831 837 
835 837 
840 837 
851 837 
852 837 
853 837 
836 838 
840 838 
841 838 
842 838 
843 838 
853 838 
783 839 
826 839 
827 839 
828 839 
829 839 
835 839 
836 839 
841 839 
348 840 
349 840 
378 840 
824 840 
826 840 
837 840 
838 840 
843 840 
851 840 
852 840 
853 840 
783 841 
836 841 
838 841 
839 841 
842 841 
843 841 
844 841 
854 841 
838 842 
841 842 
843 842 
844 842 
846 842 
854 842 
860 842 
864 842 
838 843 
840 843 
841 843 
842 843 
844 843 
852 843 
841 844 
842 844 
843 844 
846 844 
848 844 
853 844 
854 844 
842 846 
844 846 
847 846 
848 846 
854 846 
877 846 
846 847 
848 847 
852 847 
853 847 
876 847 
344 848 
345 848 
384 848 
844 848 
846 848 
847 848 
849 848 
853 848 
876 848 
884 848 
835 849 
848 849 
851 849 
884 849 
885 849 
834 850 
835 850 
851 850 
881 850 
887 850 
889 850 
835 851 
837 851 
840 851 
849 851 
850 851 
885 851 
887 851 
339 852 
345 852 
349 852 
378 852 
384 852 
824 852 
831 852 
837 852 
840 852 
843 852 
847 852 
853 852 
876 852 
883 852 
884 852 
384 853 
824 853 
831 853 
837 853 
838 853 
840 853 
844 853 
847 853 
848 853 
852 853 
854 853 
876 853 
883 853 
884 853 
375 854 
841 854 
842 854 
844 854 
846 854 
853 854 
864 854 
861 858 
842 860 
861 860 
858 861 
860 861 
862 861 
861 862 
866 862 
867 862 
868 862 
870 862 
872 862 
842 864 
854 864 
782 866 
783 866 
798 866 
862 866 
796 867 
798 867 
862 867 
868 867 
870 867 
871 867 
872 867 
862 868 
867 868 
870 868 
873 869 
862 870 
867 870 
868 870 
800 871 
801 871 
867 871 
872 871 
873 871 
895 871 
924 871 
862 872 
867 872 
871 872 
873 872 
801 873 
869 873 
871 873 
872 873 
895 873 
896 873 
924 873 
344 876 
345 876 
384 876 
847 876 
848 876 
852 876 
853 876 
883 876 
884 876 
846 877 
882 879 
881 880 
850 881 
880 881 
882 881 
879 882 
881 882 
885 882 
887 882 
890 882 
898 882 
831 883 
852 883 
853 883 
876 883 
885 883 
848 884 
849 884 
852 884 
853 884 
876 884 
885 884 
849 885 
851 885 
882 885 
883 885 
884 885 
888 886 
850 887 
851 887 
882 887 
888 887 
889 887 
886 888 
887 888 
708 889 
850 889 
887 889 
890 889 
882 890 
889 890 
871 895 
873 895 
924 895 
698 896 
873 896 
897 896 
945 896 
896 897 
900 897 
200 898 
698 898 
701 898 
882 898 
899 898 
902 898 
898 899 
897 900 
963 901 
968 901 
898 902 
903 902 
703 903 
902 903 
200 907 
205 907 
206 907 
703 907 
704 907 
705 907 
200 908 
205 908 
205 911 
206 911 
207 911 
208 911 
703 911 
704 911 
705 911 
706 911 
321 912 
206 913 
207 913 
208 913 
705 913 
706 913 
801 924 
871 924 
873 924 
895 924 
927 924 
943 924 
945 924 
927 925 
964 925 
968 925 
927 926 
964 926 
799 927 
800 927 
801 927 
924 927 
925 927 
926 927 
945 927 
948 928 
932 930 
965 930 
968 930 
932 931 
963 931 
964 931 
968 931 
930 932 
931 932 
933 932 
951 932 
965 932 
932 933 
934 933 
933 934 
801 943 
802 943 
803 943 
811 943 
924 943 
944 943 
945 943 
799 944 
805 944 
809 944 
810 944 
811 944 
943 944 
945 944 
946 944 
964 944 
799 945 
800 945 
801 945 
802 945 
810 945 
811 945 
896 945 
924 945 
927 945 
943 945 
944 945 
799 946 
805 946 
944 946 
948 946 
964 946 
948 947 
965 947 
928 948 
946 948 
947 948 
965 948 
951 949 
965 949 
951 950 
953 950 
750 951 
932 951 
949 951 
950 951 
952 951 
953 951 
955 951 
965 951 
951 952 
955 952 
956 952 
950 953 
951 953 
954 953 
955 953 
953 954 
955 954 
951 955 
952 955 
953 955 
954 955 
956 955 
957 955 
969 955 
952 956 
955 956 
957 956 
959 956 
960 956 
990 956 
955 957 
956 957 
958 957 
959 957 
960 957 
985 957 
957 958 
956 959 
957 959 
960 959 
990 959 
956 960 
957 960 
959 960 
750 963 
901 963 
931 963 
964 963 
966 963 
968 963 
971 963 
973 963 
977 963 
750 964 
811 964 
925 964 
926 964 
931 964 
944 964 
946 964 
963 964 
966 964 
968 964 
971 964 
930 965 
932 965 
947 965 
948 965 
949 965 
951 965 
968 965 
969 965 
963 966 
964 966 
967 966 
968 966 
970 966 
971 966 
972 966 
973 966 
975 966 
976 966 
977 966 
966 967 
968 967 
971 967 
974 967 
975 967 
977 967 
978 967 
983 967 
984 967 
556 968 
901 968 
925 968 
930 968 
931 968 
963 968 
964 968 
965 968 
966 968 
967 968 
969 968 
976 968 
955 969 
965 969 
968 969 
974 969 
984 969 
744 970 
749 970 
750 970 
809 970 
966 970 
971 970 
972 970 
973 970 
975 970 
744 971 
750 971 
809 971 
963 971 
964 971 
966 971 
967 971 
970 971 
966 972 
970 972 
973 972 
975 972 
963 973 
966 973 
970 973 
972 973 
999 973 
967 974 
969 974 
975 974 
976 974 
998 974 
743 975 
966 975 
967 975 
970 975 
972 975 
974 975 
976 975 
977 975 
978 975 
979 975 
984 975 
998 975 
999 975 
713 976 
966 976 
968 976 
974 976 
975 976 
977 976 
978 976 
979 976 
981 976 
982 976 
983 976 
984 976 
998 976 
963 977 
966 977 
967 977 
975 977 
976 977 
984 977 
967 978 
975 978 
976 978 
979 978 
982 978 
983 978 
984 978 
975 979 
976 979 
978 979 
981 979 
982 979 
983 979 
984 979 
998 979 
642 981 
976 981 
979 981 
982 981 
983 981 
986 981 
988 981 
992 981 
998 981 
976 982 
978 982 
979 982 
981 982 
986 982 
990 982 
991 982 
998 982 
967 983 
976 983 
978 983 
979 983 
981 983 
985 983 
967 984 
969 984 
975 984 
976 984 
977 984 
978 984 
979 984 
957 985 
983 985 
981 986 
982 986 
988 986 
989 986 
990 986 
992 986 
988 987 
992 987 
993 987 
981 988 
986 988 
987 988 
989 988 
990 988 
992 988 
993 988 
986 989 
988 989 
990 989 
992 989 
956 990 
959 990 
982 990 
986 990 
988 990 
989 990 
991 990 
992 990 
982 991 
990 991 
992 991 
995 991 
981 992 
986 992 
987 992 
988 992 
989 992 
990 992 
991 992 
995 992 
987 993 
988 993 
994 993 
993 994 
991 995 
992 995 
996 995 
995 996 
974 998 
975 998 
976 998 
979 998 
981 998 
982 998 
999 998 
1000 998 
973 999 
975 999 
998 999 
742 1000 
743 1000 
998 1000 