2 1 
3 1 
4 1 
5 1 
6 1 
8 1 
10 1 
11 1 
12 1 
60 1 
61 1 
62 1 
63 1 
64 1 
70 1 
73 1 
85 1 
1 2 
3 2 
4 2 
5 2 
6 2 
7 2 
8 2 
10 2 
11 2 
12 2 
14 2 
37 2 
60 2 
61 2 
62 2 
63 2 
64 2 
70 2 
73 2 
83 2 
84 2 
85 2 
86 2 
1 3 
2 3 
4 3 
5 3 
6 3 
7 3 
8 3 
9 3 
10 3 
11 3 
12 3 
13 3 
14 3 
22 3 
32 3 
35 3 
36 3 
37 3 
61 3 
62 3 
63 3 
64 3 
70 3 
71 3 
73 3 
84 3 
85 3 
86 3 
1 4 
2 4 
3 4 
5 4 
6 4 
7 4 
8 4 
9 4 
12 4 
14 4 
15 4 
16 4 
22 4 
32 4 
33 4 
37 4 
42 4 
43 4 
44 4 
48 4 
59 4 
62 4 
63 4 
64 4 
65 4 
67 4 
68 4 
70 4 
71 4 
72 4 
73 4 
78 4 
83 4 
84 4 
85 4 
86 4 
1 5 
2 5 
3 5 
4 5 
6 5 
8 5 
10 5 
11 5 
12 5 
15 5 
32 5 
37 5 
43 5 
44 5 
48 5 
60 5 
62 5 
63 5 
64 5 
67 5 
70 5 
71 5 
72 5 
73 5 
78 5 
83 5 
84 5 
85 5 
86 5 
1 6 
2 6 
3 6 
5 6 
7 6 
10 6 
13 6 
14 6 
15 6 
30 6 
31 6 
33 6 
34 6 
35 6 
36 6 
37 6 
38 6 
45 6 
46 6 
59 6 
62 6 
63 6 
64 6 
67 6 
68 6 
69 6 
70 6 
71 6 
72 6 
73 6 
78 6 
83 6 
84 6 
85 6 
86 6 
87 6 
3 7 
4 7 
6 7 
8 7 
9 7 
14 7 
15 7 
22 7 
33 7 
37 7 
42 7 
44 7 
46 7 
59 7 
66 7 
67 7 
68 7 
71 7 
72 7 
83 7 
84 7 
85 7 
86 7 
87 7 
2 8 
3 8 
5 8 
9 8 
12 8 
15 8 
22 8 
62 8 
70 8 
71 8 
84 8 
85 8 
86 8 
4 9 
8 9 
11 9 
15 9 
22 9 
43 9 
44 9 
62 9 
67 9 
70 9 
71 9 
84 9 
85 9 
86 9 
1 10 
2 10 
3 10 
4 10 
5 10 
6 10 
11 10 
12 10 
14 10 
22 10 
35 10 
37 10 
46 10 
48 10 
49 10 
62 10 
63 10 
64 10 
70 10 
71 10 
73 10 
78 10 
84 10 
85 10 
1 11 
2 11 
3 11 
5 11 
8 11 
9 11 
10 11 
12 11 
14 11 
22 11 
35 11 
37 11 
48 11 
49 11 
64 11 
69 11 
70 11 
71 11 
73 11 
78 11 
84 11 
85 11 
1 12 
2 12 
3 12 
4 12 
5 12 
8 12 
10 12 
11 12 
13 12 
14 12 
22 12 
33 12 
35 12 
42 12 
43 12 
44 12 
46 12 
47 12 
48 12 
49 12 
62 12 
70 12 
71 12 
73 12 
78 12 
83 12 
84 12 
85 12 
86 12 
3 13 
6 13 
12 13 
14 13 
15 13 
16 13 
22 13 
33 13 
35 13 
42 13 
43 13 
44 13 
45 13 
46 13 
47 13 
48 13 
49 13 
62 13 
64 13 
70 13 
71 13 
73 13 
78 13 
83 13 
84 13 
85 13 
86 13 
2 14 
3 14 
4 14 
10 14 
11 14 
12 14 
22 14 
30 14 
32 14 
33 14 
34 14 
35 14 
36 14 
37 14 
38 14 
39 14 
42 14 
43 14 
44 14 
45 14 
46 14 
47 14 
48 14 
62 14 
69 14 
70 14 
71 14 
73 14 
74 14 
78 14 
80 14 
83 14 
84 14 
85 14 
86 14 
87 14 
4 15 
5 15 
6 15 
7 15 
9 15 
10 15 
12 15 
13 15 
16 15 
22 15 
24 15 
25 15 
29 15 
30 15 
31 15 
32 15 
33 15 
34 15 
35 15 
36 15 
38 15 
39 15 
42 15 
43 15 
44 15 
46 15 
48 15 
49 15 
58 15 
59 15 
65 15 
66 15 
67 15 
68 15 
70 15 
71 15 
72 15 
77 15 
78 15 
80 15 
82 15 
83 15 
84 15 
85 15 
86 15 
87 15 
88 15 
3 16 
4 16 
5 16 
6 16 
10 16 
11 16 
12 16 
13 16 
14 16 
15 16 
42 16 
44 16 
45 16 
46 16 
48 16 
49 16 
62 16 
71 16 
18 17 
19 17 
20 17 
21 17 
22 17 
23 17 
41 17 
48 17 
54 17 
55 17 
58 17 
59 17 
65 17 
66 17 
67 17 
15 18 
17 18 
19 18 
20 18 
22 18 
23 18 
42 18 
43 18 
44 18 
48 18 
49 18 
55 18 
56 18 
57 18 
58 18 
59 18 
65 18 
66 18 
67 18 
72 18 
74 18 
75 18 
80 18 
82 18 
83 18 
87 18 
88 18 
15 19 
17 19 
18 19 
20 19 
21 19 
22 19 
49 19 
54 19 
55 19 
58 19 
59 19 
65 19 
66 19 
67 19 
80 19 
83 19 
87 19 
12 20 
13 20 
17 20 
18 20 
19 20 
21 20 
22 20 
23 20 
46 20 
47 20 
48 20 
54 20 
55 20 
56 20 
58 20 
59 20 
66 20 
67 20 
83 20 
17 21 
18 21 
19 21 
20 21 
22 21 
23 21 
46 21 
49 21 
54 21 
55 21 
56 21 
58 21 
59 21 
66 21 
67 21 
83 21 
10 22 
11 22 
12 22 
13 22 
14 22 
15 22 
16 22 
17 22 
18 22 
20 22 
21 22 
33 22 
41 22 
42 22 
43 22 
44 22 
45 22 
46 22 
48 22 
49 22 
54 22 
55 22 
56 22 
58 22 
59 22 
65 22 
66 22 
67 22 
70 22 
71 22 
72 22 
82 22 
84 22 
85 22 
18 23 
22 23 
41 23 
42 23 
43 23 
44 23 
48 23 
49 23 
55 23 
56 23 
57 23 
58 23 
59 23 
67 23 
72 23 
80 23 
15 24 
25 24 
26 24 
27 24 
28 24 
30 24 
31 24 
32 24 
34 24 
35 24 
38 24 
39 24 
65 24 
75 24 
76 24 
77 24 
78 24 
83 24 
84 24 
85 24 
87 24 
15 25 
24 25 
26 25 
27 25 
28 25 
30 25 
31 25 
32 25 
34 25 
35 25 
36 25 
37 25 
38 25 
39 25 
65 25 
75 25 
76 25 
77 25 
78 25 
82 25 
83 25 
84 25 
85 25 
87 25 
24 26 
25 26 
27 26 
28 26 
30 26 
31 26 
32 26 
33 26 
34 26 
35 26 
36 26 
38 26 
39 26 
65 26 
76 26 
77 26 
78 26 
80 26 
83 26 
84 26 
85 26 
87 26 
24 27 
25 27 
26 27 
28 27 
30 27 
31 27 
32 27 
33 27 
34 27 
35 27 
37 27 
38 27 
39 27 
43 27 
44 27 
59 27 
65 27 
66 27 
75 27 
76 27 
77 27 
78 27 
83 27 
84 27 
85 27 
87 27 
15 28 
24 28 
25 28 
26 28 
27 28 
29 28 
30 28 
31 28 
32 28 
33 28 
34 28 
35 28 
36 28 
38 28 
43 28 
44 28 
48 28 
49 28 
59 28 
65 28 
66 28 
71 28 
72 28 
74 28 
75 28 
76 28 
77 28 
78 28 
80 28 
82 28 
83 28 
84 28 
85 28 
86 28 
87 28 
15 29 
25 29 
30 29 
31 29 
32 29 
33 29 
34 29 
35 29 
36 29 
38 29 
39 29 
42 29 
43 29 
44 29 
45 29 
46 29 
48 29 
49 29 
59 29 
65 29 
66 29 
67 29 
68 29 
71 29 
72 29 
74 29 
75 29 
76 29 
77 29 
78 29 
80 29 
82 29 
83 29 
84 29 
85 29 
87 29 
15 30 
24 30 
25 30 
26 30 
27 30 
28 30 
31 30 
32 30 
33 30 
34 30 
35 30 
36 30 
37 30 
38 30 
39 30 
45 30 
46 30 
75 30 
76 30 
77 30 
78 30 
80 30 
83 30 
84 30 
85 30 
86 30 
87 30 
88 30 
15 31 
24 31 
25 31 
26 31 
27 31 
28 31 
30 31 
32 31 
34 31 
35 31 
36 31 
37 31 
38 31 
39 31 
45 31 
46 31 
48 31 
49 31 
52 31 
66 31 
69 31 
75 31 
76 31 
77 31 
78 31 
80 31 
83 31 
84 31 
85 31 
86 31 
87 31 
88 31 
12 32 
13 32 
14 32 
15 32 
22 32 
24 32 
25 32 
28 32 
29 32 
33 32 
35 32 
36 32 
37 32 
38 32 
39 32 
40 32 
41 32 
42 32 
45 32 
46 32 
67 32 
72 32 
78 32 
79 32 
80 32 
81 32 
82 32 
83 32 
84 32 
85 32 
86 32 
87 32 
88 32 
14 33 
15 33 
22 33 
29 33 
30 33 
32 33 
34 33 
35 33 
36 33 
37 33 
39 33 
40 33 
41 33 
42 33 
43 33 
44 33 
45 33 
46 33 
48 33 
49 33 
52 33 
69 33 
72 33 
78 33 
80 33 
81 33 
82 33 
83 33 
84 33 
85 33 
86 33 
87 33 
88 33 
92 33 
93 33 
94 33 
95 33 
14 34 
15 34 
28 34 
29 34 
30 34 
31 34 
33 34 
35 34 
36 34 
38 34 
39 34 
43 34 
45 34 
46 34 
65 34 
66 34 
69 34 
74 34 
75 34 
76 34 
78 34 
80 34 
83 34 
84 34 
85 34 
86 34 
3 35 
12 35 
13 35 
14 35 
15 35 
28 35 
29 35 
30 35 
31 35 
32 35 
33 35 
34 35 
36 35 
37 35 
39 35 
42 35 
43 35 
45 35 
46 35 
59 35 
65 35 
67 35 
69 35 
74 35 
75 35 
77 35 
78 35 
80 35 
83 35 
84 35 
85 35 
87 35 
3 36 
14 36 
15 36 
28 36 
29 36 
30 36 
31 36 
32 36 
33 36 
34 36 
35 36 
37 36 
38 36 
39 36 
43 36 
45 36 
46 36 
65 36 
70 36 
72 36 
73 36 
74 36 
75 36 
78 36 
81 36 
84 36 
85 36 
86 36 
3 37 
14 37 
30 37 
31 37 
32 37 
33 37 
35 37 
36 37 
38 37 
39 37 
42 37 
43 37 
45 37 
46 37 
65 37 
69 37 
70 37 
72 37 
73 37 
74 37 
75 37 
78 37 
83 37 
84 37 
85 37 
86 37 
87 37 
14 38 
15 38 
25 38 
28 38 
29 38 
30 38 
31 38 
32 38 
34 38 
35 38 
36 38 
37 38 
39 38 
43 38 
46 38 
65 38 
66 38 
67 38 
73 38 
76 38 
77 38 
85 38 
14 39 
15 39 
25 39 
29 39 
30 39 
31 39 
32 39 
33 39 
34 39 
35 39 
36 39 
37 39 
38 39 
43 39 
46 39 
65 39 
66 39 
67 39 
73 39 
76 39 
77 39 
85 39 
33 40 
41 40 
43 40 
45 40 
46 40 
48 40 
49 40 
51 40 
52 40 
72 40 
74 40 
78 40 
79 40 
80 40 
81 40 
82 40 
83 40 
84 40 
87 40 
88 40 
89 40 
90 40 
91 40 
92 40 
93 40 
94 40 
95 40 
14 41 
16 41 
22 41 
40 41 
42 41 
43 41 
44 41 
45 41 
46 41 
47 41 
52 41 
72 41 
74 41 
78 41 
79 41 
80 41 
81 41 
82 41 
83 41 
84 41 
87 41 
88 41 
89 41 
90 41 
91 41 
92 41 
94 41 
12 42 
13 42 
14 42 
15 42 
16 42 
22 42 
35 42 
37 42 
40 42 
41 42 
43 42 
44 42 
45 42 
46 42 
47 42 
69 42 
72 42 
74 42 
78 42 
79 42 
80 42 
81 42 
82 42 
83 42 
84 42 
87 42 
88 42 
89 42 
4 43 
7 43 
12 43 
15 43 
16 43 
17 43 
18 43 
22 43 
28 43 
29 43 
33 43 
34 43 
35 43 
36 43 
37 43 
38 43 
39 43 
40 43 
41 43 
42 43 
45 43 
46 43 
48 43 
49 43 
52 43 
55 43 
56 43 
58 43 
59 43 
65 43 
67 43 
72 43 
78 43 
79 43 
80 43 
82 43 
83 43 
86 43 
87 43 
88 43 
89 43 
92 43 
4 44 
7 44 
12 44 
14 44 
15 44 
16 44 
17 44 
18 44 
22 44 
28 44 
29 44 
30 44 
31 44 
32 44 
33 44 
34 44 
35 44 
36 44 
37 44 
38 44 
39 44 
41 44 
42 44 
45 44 
46 44 
48 44 
49 44 
52 44 
55 44 
56 44 
58 44 
59 44 
65 44 
66 44 
67 44 
68 44 
71 44 
72 44 
73 44 
74 44 
75 44 
77 44 
78 44 
79 44 
80 44 
81 44 
82 44 
83 44 
84 44 
85 44 
86 44 
87 44 
88 44 
89 44 
92 44 
34 45 
35 45 
36 45 
37 45 
38 45 
39 45 
40 45 
41 45 
42 45 
43 45 
44 45 
46 45 
47 45 
66 45 
69 45 
73 45 
78 45 
80 45 
81 45 
82 45 
83 45 
84 45 
85 45 
87 45 
88 45 
89 45 
90 45 
91 45 
92 45 
93 45 
94 45 
95 45 
12 46 
13 46 
14 46 
15 46 
20 46 
22 46 
33 46 
34 46 
35 46 
36 46 
37 46 
38 46 
39 46 
40 46 
41 46 
42 46 
43 46 
44 46 
45 46 
47 46 
48 46 
49 46 
50 46 
52 46 
66 46 
67 46 
69 46 
70 46 
72 46 
73 46 
78 46 
80 46 
81 46 
82 46 
83 46 
84 46 
85 46 
87 46 
92 46 
93 46 
94 46 
95 46 
12 47 
13 47 
20 47 
41 47 
42 47 
45 47 
46 47 
48 47 
49 47 
52 47 
69 47 
73 47 
78 47 
79 47 
80 47 
81 47 
83 47 
84 47 
85 47 
87 47 
88 47 
92 47 
93 47 
94 47 
95 47 
4 48 
5 48 
6 48 
7 48 
12 48 
13 48 
14 48 
17 48 
18 48 
20 48 
22 48 
23 48 
24 48 
25 48 
26 48 
27 48 
28 48 
29 48 
33 48 
36 48 
40 48 
41 48 
42 48 
43 48 
44 48 
45 48 
46 48 
47 48 
49 48 
50 48 
51 48 
52 48 
53 48 
56 48 
58 48 
59 48 
65 48 
67 48 
68 48 
69 48 
71 48 
72 48 
73 48 
79 48 
80 48 
82 48 
83 48 
84 48 
85 48 
87 48 
88 48 
89 48 
90 48 
91 48 
92 48 
4 49 
5 49 
6 49 
7 49 
12 49 
13 49 
15 49 
16 49 
17 49 
18 49 
22 49 
23 49 
24 49 
25 49 
26 49 
27 49 
28 49 
29 49 
33 49 
36 49 
40 49 
41 49 
42 49 
43 49 
44 49 
45 49 
46 49 
47 49 
48 49 
50 49 
52 49 
56 49 
58 49 
59 49 
65 49 
67 49 
68 49 
69 49 
71 49 
72 49 
73 49 
80 49 
82 49 
83 49 
84 49 
85 49 
87 49 
88 49 
89 49 
90 49 
91 49 
92 49 
12 50 
13 50 
40 50 
41 50 
45 50 
46 50 
48 50 
49 50 
52 50 
69 50 
73 50 
78 50 
81 50 
83 50 
84 50 
85 50 
86 50 
88 50 
90 50 
91 50 
92 50 
93 50 
94 50 
95 50 
12 51 
13 51 
40 51 
41 51 
42 51 
43 51 
44 51 
45 51 
46 51 
47 51 
50 51 
52 51 
90 51 
91 51 
92 51 
93 51 
94 51 
12 52 
13 52 
33 52 
40 52 
41 52 
45 52 
46 52 
47 52 
48 52 
49 52 
50 52 
51 52 
53 52 
69 52 
79 52 
80 52 
82 52 
84 52 
86 52 
88 52 
90 52 
91 52 
92 52 
93 52 
94 52 
95 52 
48 53 
50 53 
51 53 
52 53 
92 53 
17 54 
19 54 
20 54 
21 54 
22 54 
17 55 
18 55 
19 55 
20 55 
21 55 
22 55 
23 55 
43 55 
44 55 
18 56 
20 56 
21 56 
22 56 
23 56 
43 56 
44 56 
48 56 
49 56 
18 57 
23 57 
15 58 
17 58 
18 58 
19 58 
20 58 
21 58 
22 58 
23 58 
43 58 
44 58 
48 58 
49 58 
4 59 
6 59 
7 59 
15 59 
17 59 
18 59 
19 59 
20 59 
21 59 
22 59 
23 59 
27 59 
28 59 
29 59 
35 59 
43 59 
44 59 
48 59 
49 59 
1 60 
2 60 
5 60 
1 61 
2 61 
3 61 
1 62 
2 62 
3 62 
4 62 
5 62 
6 62 
8 62 
9 62 
10 62 
12 62 
13 62 
14 62 
16 62 
1 63 
2 63 
3 63 
4 63 
5 63 
6 63 
10 63 
1 64 
2 64 
3 64 
4 64 
5 64 
6 64 
10 64 
11 64 
13 64 
4 65 
15 65 
17 65 
18 65 
19 65 
22 65 
24 65 
25 65 
26 65 
27 65 
28 65 
29 65 
34 65 
35 65 
36 65 
37 65 
38 65 
39 65 
43 65 
44 65 
48 65 
49 65 
7 66 
15 66 
17 66 
18 66 
19 66 
20 66 
21 66 
22 66 
27 66 
28 66 
29 66 
31 66 
34 66 
38 66 
39 66 
44 66 
45 66 
46 66 
4 67 
5 67 
6 67 
7 67 
9 67 
15 67 
17 67 
18 67 
19 67 
20 67 
21 67 
22 67 
23 67 
29 67 
32 67 
35 67 
38 67 
39 67 
43 67 
44 67 
46 67 
48 67 
49 67 
4 68 
6 68 
7 68 
15 68 
29 68 
44 68 
48 68 
49 68 
6 69 
11 69 
14 69 
31 69 
33 69 
34 69 
35 69 
37 69 
42 69 
45 69 
46 69 
47 69 
48 69 
49 69 
50 69 
52 69 
1 70 
2 70 
3 70 
4 70 
5 70 
6 70 
8 70 
9 70 
10 70 
11 70 
12 70 
13 70 
14 70 
15 70 
22 70 
36 70 
37 70 
46 70 
3 71 
4 71 
5 71 
6 71 
7 71 
8 71 
9 71 
10 71 
11 71 
12 71 
13 71 
14 71 
15 71 
16 71 
22 71 
28 71 
29 71 
44 71 
48 71 
49 71 
4 72 
5 72 
6 72 
7 72 
15 72 
18 72 
22 72 
23 72 
28 72 
29 72 
32 72 
33 72 
36 72 
37 72 
40 72 
41 72 
42 72 
43 72 
44 72 
46 72 
48 72 
49 72 
1 73 
2 73 
3 73 
4 73 
5 73 
6 73 
10 73 
11 73 
12 73 
13 73 
14 73 
36 73 
37 73 
38 73 
39 73 
44 73 
45 73 
46 73 
47 73 
48 73 
49 73 
50 73 
14 74 
18 74 
28 74 
29 74 
34 74 
35 74 
36 74 
37 74 
40 74 
41 74 
42 74 
44 74 
18 75 
24 75 
25 75 
27 75 
28 75 
29 75 
30 75 
31 75 
34 75 
35 75 
36 75 
37 75 
44 75 
24 76 
25 76 
26 76 
27 76 
28 76 
29 76 
30 76 
31 76 
34 76 
38 76 
39 76 
15 77 
24 77 
25 77 
26 77 
27 77 
28 77 
29 77 
30 77 
31 77 
35 77 
38 77 
39 77 
44 77 
4 78 
5 78 
6 78 
10 78 
11 78 
12 78 
13 78 
14 78 
15 78 
24 78 
25 78 
26 78 
27 78 
28 78 
29 78 
30 78 
31 78 
32 78 
33 78 
34 78 
35 78 
36 78 
37 78 
40 78 
41 78 
42 78 
43 78 
44 78 
45 78 
46 78 
47 78 
50 78 
32 79 
40 79 
41 79 
42 79 
43 79 
44 79 
47 79 
48 79 
52 79 
14 80 
15 80 
18 80 
19 80 
23 80 
26 80 
28 80 
29 80 
30 80 
31 80 
32 80 
33 80 
34 80 
35 80 
40 80 
41 80 
42 80 
43 80 
44 80 
45 80 
46 80 
47 80 
48 80 
49 80 
52 80 
32 81 
33 81 
36 81 
40 81 
41 81 
42 81 
44 81 
45 81 
46 81 
47 81 
50 81 
15 82 
18 82 
22 82 
25 82 
28 82 
29 82 
32 82 
33 82 
40 82 
41 82 
42 82 
43 82 
44 82 
45 82 
46 82 
48 82 
49 82 
52 82 
2 83 
4 83 
5 83 
6 83 
7 83 
12 83 
13 83 
14 83 
15 83 
18 83 
19 83 
20 83 
21 83 
24 83 
25 83 
26 83 
27 83 
28 83 
29 83 
30 83 
31 83 
32 83 
33 83 
34 83 
35 83 
37 83 
40 83 
41 83 
42 83 
43 83 
44 83 
45 83 
46 83 
47 83 
48 83 
49 83 
50 83 
2 84 
3 84 
4 84 
5 84 
6 84 
7 84 
8 84 
9 84 
10 84 
11 84 
12 84 
13 84 
14 84 
15 84 
22 84 
24 84 
25 84 
26 84 
27 84 
28 84 
29 84 
30 84 
31 84 
32 84 
33 84 
34 84 
35 84 
36 84 
37 84 
40 84 
41 84 
42 84 
44 84 
45 84 
46 84 
47 84 
48 84 
49 84 
50 84 
52 84 
1 85 
2 85 
3 85 
4 85 
5 85 
6 85 
7 85 
8 85 
9 85 
10 85 
11 85 
12 85 
13 85 
14 85 
15 85 
22 85 
24 85 
25 85 
26 85 
27 85 
28 85 
29 85 
30 85 
31 85 
32 85 
33 85 
34 85 
35 85 
36 85 
37 85 
38 85 
39 85 
44 85 
45 85 
46 85 
47 85 
48 85 
49 85 
50 85 
2 86 
3 86 
4 86 
5 86 
6 86 
7 86 
8 86 
9 86 
12 86 
13 86 
14 86 
15 86 
28 86 
30 86 
31 86 
32 86 
33 86 
34 86 
36 86 
37 86 
43 86 
44 86 
50 86 
52 86 
6 87 
7 87 
14 87 
15 87 
18 87 
19 87 
24 87 
25 87 
26 87 
27 87 
28 87 
29 87 
30 87 
31 87 
32 87 
33 87 
35 87 
37 87 
40 87 
41 87 
42 87 
43 87 
44 87 
45 87 
46 87 
47 87 
48 87 
49 87 
15 88 
18 88 
30 88 
31 88 
32 88 
33 88 
40 88 
41 88 
42 88 
43 88 
44 88 
45 88 
47 88 
48 88 
49 88 
50 88 
52 88 
40 89 
41 89 
42 89 
43 89 
44 89 
45 89 
48 89 
49 89 
40 90 
41 90 
45 90 
48 90 
49 90 
50 90 
51 90 
52 90 
40 91 
41 91 
45 91 
48 91 
49 91 
50 91 
51 91 
52 91 
33 92 
40 92 
41 92 
43 92 
44 92 
45 92 
46 92 
47 92 
48 92 
49 92 
50 92 
51 92 
52 92 
53 92 
33 93 
40 93 
45 93 
46 93 
47 93 
50 93 
51 93 
52 93 
33 94 
40 94 
41 94 
45 94 
46 94 
47 94 
50 94 
51 94 
52 94 
33 95 
40 95 
45 95 
46 95 
47 95 
50 95 
52 95 